
Connection   Nodes   (e.g., there are 28 nodes having 12 connections. See "28" in 3rd row, 2nd column)
----------   -----
     0:      4
     1:     10    16    15    25    33    30    30    44    40    33
    11:     40    28    41    33    37    34    39    35    34    21
    21:     46    30    23    20    38    29    23    15    23    25
    31:     20    24    17    18    14    16    22    19    17    18
    41:     11     8    20    12    19    17    10    16    10    12
    51:     14     6     9     9     5    14     7    15     5    14
    61:      7     9    10     4     6     9     9     5    13     5
    71:      7    12     5     8     7     4     2     3     6     6
    81:      6    11    10     7     6    14     4     5     4     4
    91:      6     3     3     7     5     7     3     2     9     2
   101:      2     4     3     5     4     2     7     4     3     9
   111:      3     7     5     4     4     5     4     9     2     5
   121:      2     4     2     2     1     5     3     2     3     1
   131:      4     5     2     5     3     2     4     2     1     4
   141:      7     6     8     5     2     8     3     4     3     9
   151:      7     7     6     3     6     2     7     3     6     1
   161:      5     1     6     7     4     7    10     4     3     5
   171:      2     1     7     3     3     1     1     3     2     3
   181:      0     2     7     1     2     2     8     1     3     3
   191:      3     7     5     5     0     1     7     4     5     6
   201:      8     6     6     9     6     5     5     5     4     2
   211:      4     1     2     1     4     1     5     4     7     4
   221:      6     3     3     2     4     2     7     3     4     4
   231:      5     4     5     4     1     8     5     3     4     6
   241:      4     3     6     4     8     2     4     5     4     1
   251:      2     3     6     3     3     3     3     3     1     1
   261:      3     0     3     2     2     0     6     1     1     3
   271:      1     1     1     2     3     1     3     2     1     2
   281:      2     2     2     1     3     3     4     1     2     1
   291:      2     1     3     4     1     1     2     1     6     2
   301:      2     7     1     0     2     1     3     2     3     5
   311:      2     1     3     2     4     5     1     0     6     4
   321:      1     2     1     0     1     3     1     2     4     2
   331:      3     2     1     2     1     2     2     2     4     3
   341:      2     5     6     7     2     2     3     1     4     3
   351:      3     6     1     3     0     1     4     2     2     4
   361:      3     2     2     2     1     2     6     5     5     4
   371:      3     2     2     3     5     6     4     4     0     2
   381:      0     3     1     1     1     4     2     2     3     3
   391:      2     1     2     2     4     2     2     1     3     2
   401:      2     0     2     4     2     2     2     2     2     0
   411:      3     0     2     3     3     3     1     4     0     1
   421:      1     1     2     2     1     0     1     2     1     1
   431:      0     0     1     1     3     0     4     1     1     5
   441:      4     2     1     3     0     1     0     2     4     0
   451:      3     3     2     1     1     0     1     1     0     0
   461:      1     2     2     0     0     2     1     3     1     1
   471:      0     2     1     2     2     3     1     1     2     1
   481:      1     2     0     0     2     2     1     2     3     0
   491:      0     2     2     0     0     3     0     3     2     2
   501:      0     2     2     1     1     0     2     0     4     2
   511:      1     3     4     4     1     2     2     3     1     1
   521:      3     2     1     3     1     1     2     2     0     3
   531:      0     1     1     0     2     2     0     3     1     2
   541:      1     0     0     2     0     0     2     1     4     1
   551:      2     4     0     5     1     0     2     2     2     3
   561:      3     0     1     2     1     2     2     1     4     2
   571:      2     0     3     3     4     1     1     0     5     2
   581:      1     4     5     1     1     4     3     2     1     5
   591:      1     2     1     1     4     1     0     2     3     1
   601:      3     3     2     2     0     3     1     2     3     3
   611:      1     4     0     0     3     1     2     7     1     2
   621:      1     1     3     0     1     2     2     3     1     3
   631:      1     2     0     0     5     1     4     1     0     0
   641:      2     1     0     0     1     1     1     2     1     1
   651:      0     2     4     1     0     0     0     3     0     1
   661:      0     2     1     0     0     2     2     1     0     2
   671:      0     0     0     2     0     1     1     2     1     0
   681:      0     1     2     1     1     0     0     1     0     0
   691:      0     0     0     0     0     0     0     1     0     0
   701:      0     0     0     0     0     0     0     0     0     0
   711:      1     0     0     1     0     0     0     0     0     0
   721:      0     0     0     0     0     0     0     0     0     0
   731:      0     0     0     0     0     0     0     0     0     0
   741:      0     0     0     0     0     0     0     0     0     0
   751:      0     0     0     0     0     0     0     0     0     0
   761:      0     0     0     0     0     0     0     0     0     0
   771:      0     0     0     1     1     0     0     0     0     0
   781:      0     0     1     0     0     0     0     0     0     0
   791:      0     0     0     0     0     0     0     0     0     0
   801:      0     0     0     0     0     0     0     1     0