

          Matrix:   105x105

     Avg_degree:    17.181=1804/105   Rate 0.164 =    17.181/105

       Avg_dist:    2.088  => min: 1   max: 5

       Avg_dups:     8.921

         Robust:    0.829

      Power-law:    2.272

     Exp_degree:   17.181

    Degree_stat:    Min_+_degree 1   Max_degree 50   Center 10 x6

     0:      3
     1:      4     5    11     7     7    18     7     9     2     4
    11:     10     3     0     3     0     2     4     2     0     1
    21:      0     1     0     1     0     0     1     0


         Matrix:   205x205

     Avg_degree:    11.932=2446/205   Rate 0.058 =    11.932/205

       Avg_dist:    2.621  => min: 0   max: 6

       Avg_dups:     6.080

         Robust:    0.701

      Power-law:    2.331

     Exp_degree:   11.932

    Degree_stat:    Min_+_degree 1   Max_degree 37   Center 7 x16

     0:      4
     1:      5     4    10     7    14    10    16    12    10     6
    11:     11     8    16     6     7    13     9     2     3     6
    21:      1     4     3     3     0     5     2     0     0     3
    31:      1     0     0     1     0     1     2     0

         Matrix:   305x305

     Avg_degree:    15.495=4726/305   Rate 0.051 =    15.495/305

       Avg_dist:    2.594  => min: 0   max: 7

       Avg_dups:     7.847

         Robust:    0.663

      Power-law:    2.228

     Exp_degree:   15.495

    Degree_stat:    Min_+_degree 1   Max_degree 56   Center 6 x16

     0:      5
     1:      3     8     8    10    13    16     9    14    12    10
    11:     10    12    15    15    15     8     9     8    13     9
    21:      8    14     5     7     4     7     2     4     3     3
    31:      7     1     1     2     3     0     1     1     0     4
    41:      0     0     2     0     0     0     1     0     1     0
    51:      1     0     0     0     0     1     0


         Matrix:   405x405

     Avg_degree:    17.506=7090/405   Rate 0.043 =    17.506/405

       Avg_dist:    2.631  => min: 0   max: 8

       Avg_dups:     8.838

         Robust:    0.611

      Power-law:    2.125

     Exp_degree:   17.506

    Degree_stat:    Min_+_degree 1   Max_degree 67   Center 17 x20

     0:      5
     1:      4     4    16    11    15    14    13    17    14    17
    11:     14    16    10    14    12    14    20    11    16    11
    21:     10    10    13    12     8    13     5     5     7     2
    31:      6     3     3     5     3     2     4     5     0     2
    41:      3     2     0     3     1     0     1     1     2     0
    51:      0     0     1     0     1     0     2     0     0     0
    61:      1     0     0     0     0     0     1     0


         Matrix:   505x505

     Avg_degree:    18.784=9486/505   Rate 0.037 =    18.784/505

       Avg_dist:    2.672  => min: 0   max: 8

       Avg_dups:     9.465

         Robust:    0.638

      Power-law:    2.236

     Exp_degree:   18.784

    Degree_stat:    Min_+_degree 1   Max_degree 82   Center 9 x24

     0:      5
     1:      6     3    14    17    15    19    19    19    24    20
    11:     14    15    18    18    17    15    16    13    17    16
    21:     14    15     8    12    10     8     8    10    11     8
    31:      5     8     7     6     2     3     4     7     3     0
    41:      4     3     3     2     1     4     1     0     2     0
    51:      1     3     0     1     1     1     2     0     1     0
    61:      1     0     0     0     0     1     0     1     0     0
    71:      1     1     0     0     0     0     0     0     0     0
    81:      0     1     0


         Matrix:   605x605

     Avg_degree:    28.711=17370/605   Rate 0.047 =    28.711/605

       Avg_dist:    2.377  => min: 1   max: 5

       Avg_dups:    14.449

         Robust:    0.536

      Power-law:    2.686

     Exp_degree:   28.711

    Degree_stat:    Min_+_degree 1   Max_degree 160   Center 11 x26

     0:      0
     1:      3     7     6     8    11    22    11    19    14    25
    11:     26    24    21    13    11    16    17    11    14    14
    21:     15    11    13    11    11     9    11    13    10     9
    31:     13     7     5     7     4    12     1     9     3     6
    41:      7     3     6     3     4     6     2     4     2     3
    51:      6     5     4     1     1     2     7     5     5     1
    61:      0     0     0     0     1     2     2     3     2     2
    71:      1     1     1     0     4     1     1     0     1     0
    81:      1     2     0     2     1     0     1     1     2     1
    91:      1     1     1     0     1     1     0     1     0     0
   101:      0     1     0     2     0     1     0     0     1     1
   111:      1     0     0     0     0     1     0     0     0     0
   121:      2     0     0     0     0     0     1     0     0     0
   131:      0     0     2     0     0     0     0     0     1     0
   141:      1     0     0     0     0     0     0     0     0     0
   151:      0     0     0     0     0     0     0     0     0     1
   161:      0


         Matrix:   705x705

     Avg_degree:    30.278=21346/705   Rate 0.043 =    30.278/705

       Avg_dist:    2.374  => min: 1   max: 5

       Avg_dups:    15.224

         Robust:    0.521

      Power-law:    2.413

     Exp_degree:   30.278

    Degree_stat:    Min_+_degree 1   Max_degree 180   Center 12 x36

     0:      0
     1:      2     7     3     7    14    22    23    17    13    27
    11:     18    36    31    19    15    19    11    14    19    16
    21:     20    10    18    12    17     6    14     9     6     8
    31:     12    17    15     8     7     8     5     5     7     7
    41:      5     7     3     3     4     4     7     3     8     6
    51:      6     6     1     1     0     5     6     6     3     2
    61:      0     2     2     1     1     2     1     1     4     4
    71:      0     2     0     0     2     0     4     0     0     2
    81:      2     1     2     2     3     0     0     3     0     0
    91:      1     2     3     1     1     0     1     0     0     1
   101:      0     1     1     1     0     1     0     2     0     1
   111:      0     0     1     0     0     0     0     1     0     2
   121:      0     1     0     0     0     0     0     0     3     0
   131:      0     1     0     0     1     1     0     0     0     0
   141:      0     0     0     0     0     1     0     0     0     0
   151:      2     0     0     0     1     0     0     0     1     0
   161:      0     0     0     0     0     0     0     0     0     0
   171:      0     0     0     0     0     0     0     0     0     1
   181:      0



         Matrix:   805x805

     Avg_degree:    30.974=24934/805   Rate 0.038 =    30.974/805

       Avg_dist:    2.443  => min: 1   max: 8

       Avg_dups:    15.563

         Robust:    0.469

      Power-law:    2.242

     Exp_degree:   30.974

    Degree_stat:    Min_+_degree 1   Max_degree 190   Center 13 x32

     0:      0
     1:      3    12     7     8    17    22    24    26    13    28
    11:     23    24    32    31    26    17    13    13    18    18
    21:     13    28    11    19    12    11    12    12    15     8
    31:     10    11    12    13    12     9    10     7     5    10
    41:      6     6     5     4     5    11     2     0     6     4
    51:      4     7     2     5     4     6     3     5     5     4
    61:      1     2     4     7     2     5     2     1     1     2
    71:      0     3     1     1     4     2     2     0     1     2
    81:      1     1     0     0     2     3     2     0     1     1
    91:      1     3     1     1     1     1     2     2     1     0
   101:      0     1     1     0     1     1     2     0     0     1
   111:      1     1     0     0     0     2     1     0     0     0
   121:      1     0     0     0     0     0     1     1     0     0
   131:      1     0     0     1     0     2     0     0     0     0
   141:      0     0     1     1     1     1     0     0     0     0
   151:      0     0     0     0     1     0     0     0     1     0
   161:      0     0     0     0     0     1     1     0     0     0
   171:      0     0     0     1     0     0     0     0     0     0
   181:      0     0     0     0     0     0     0     0     0     1
   191:      0


         Matrix:   905x905

     Avg_degree:    32.212=29152/905   Rate 0.036 =    32.212/905

       Avg_dist:    2.474  => min: 1   max: 8

       Avg_dups:    16.176

         Robust:    0.434

      Power-law:    2.204

     Exp_degree:   32.212

    Degree_stat:    Min_+_degree 1   Max_degree 211   Center 11 x32

     0:      0
     1:      7    14     8    12    13    18    28    31    22    24
    11:     32    22    25    31    28    28    19    17    14    24
    21:     15    22    18    16    13    13    14    11    14    11
    31:     20    10     6    15    14     8     8    16    14     8
    41:      5     6     7     6     6     7     4     6     4     3
    51:      3     7     1     4     6     1     6     7     6     3
    61:      2     4     6     6     6     1     3     8     1     4
    71:      1     0     1     3     2     2     2     2     1     4
    81:      3     0     0     2     0     2     3     1     1     0
    91:      1     3     2     1     0     2     3     1     2     1
   101:      0     1     0     2     0     0     2     0     0     2
   111:      1     2     0     0     0     1     2     0     0     0
   121:      3     0     1     2     0     0     0     2     0     0
   131:      0     0     0     0     1     1     0     0     0     0
   141:      1     0     0     0     1     0     1     1     0     0
   151:      0     0     0     0     1     0     0     1     1     1
   161:      0     0     0     0     0     0     0     1     1     0
   171:      0     0     0     0     0     0     0     0     1     0
   181:      0     0     1     0     1     0     0     0     0     0
   191:      0     0     0     0     0     0     0     0     0     0
   201:      0     0     0     0     0     0     0     0     0     0
   211:      1     0


         Matrix:   1005x1005

     Avg_degree:    33.035=33200/1005   Rate 0.033 =    33.035/1005

       Avg_dist:    2.482  => min: 0   max: 8

       Avg_dups:    16.582

         Robust:    0.420

      Power-law:    2.005

     Exp_degree:   33.101

    Degree_stat:    Min_+_degree 1   Max_degree 228   Center 8 x41

     0:      2
     1:      6    12     9    15    17    27    21    41    29    23
    11:     30    31    24    23    31    31    25    19    14    21
    21:     27    16    18    22    18    13    13    11    16     5
    31:     18    17    14    12    11    13     6    11    13     8
    41:     17     9    10     9     7     7     3     8     6     6
    51:      1     9     4     3     4     4     5     5     4     6
    61:      5     2     8     6     3     3     4     3     4     4
    71:      6     2     3     4     2     0     2     5     1     0
    81:      4     2     2     1     2     2     1     0     1     2
    91:      1     1     1     3     0     3     2     2     1     0
   101:      1     1     1     2     1     1     0     0     2     1
   111:      2     0     1     0     1     1     0     2     2     2
   121:      1     0     0     1     1     0     1     0     1     0
   131:      1     1     0     1     0     1     1     1     0     0
   141:      0     0     0     0     0     0     1     0     0     1
   151:      0     1     1     0     0     0     0     0     1     0
   161:      0     1     0     0     0     0     0     0     1     0
   171:      0     0     0     2     1     0     0     1     0     0
   181:      0     0     0     0     0     0     0     1     0     0
   191:      0     0     0     0     0     0     0     0     2     0
   201:      0     0     0     0     0     0     0     0     0     0
   211:      0     0     0     0     0     0     0     0     0     0
   221:      0     0     0     0     0     0     0     1     0


         Matrix:   2005x2005

     Avg_degree:   148.899=298542/2005   Rate 0.074 =   148.899/2005

       Avg_dist:    2.529  => min: 0   max: 8

       Avg_dups:    74.598

         Robust:    0.407

      Power-law:    1.642

     Exp_degree:  149.047

    Degree_stat:    Min_+_degree 1   Max_degree 617   Center 8 x43

     0:      2
     1:      6    12     9    15    18    27    21    43    29    23
    11:     29    31    26    23    38    42    27    21    15    22
    21:     29    19    20    24    16    17    14    12    17     6
    31:     18    19    18    14    12    14     7    11    14    10
    41:     21    11    14     8    10     8     3    13     7     6
    51:      5    11     6     5     5     5     5     5     4     8
    61:      7     4    12     7     8     6     6     4     5     5
    71:      7     5     4     4     2     0     2     4     1     0
    81:      4     5     2     2     2     3     2     1     2     2
    91:      0     2     1     3     2     3     2     2     1     0
   101:      2     1     3     3     8     3     3     0     3     4
   111:      7     3     8     4     3     3     2     2     5     3
   121:      3     1     0     4     6     1     5     8     7     4
   131:      1     0     4     2     0     0     1     1     0     0
   141:      0     1     0     6     4     2     1     3     1     4
   151:      2     6     5     5     4     6     8     7     3     0
   161:      2     3     2     7     2     3     2     1     6     5
   171:      0     1     2     3     3     0     1     6     6     4
   181:      6     1     3     5     5     6     4     5    11     4
   191:      6     1     6     0     0     3     0     2     1     1
   201:      1     1     0     0     0     0     1     0     1     1
   211:      4     4     1     2     0     0     0     0     0     2
   221:      1     2     1     2     5     3     1     2     3     1
   231:      1     0     0     1     2     5     2     2     0     2
   241:      1     1     1     5     4     1     2     1     3     8
   251:      3     3     3     2     1     2     1     3     0     0
   261:      3     5     1     4     2     2     2     3     5     1
   271:      2     1     4     3     4     3     2     3     3     3
   281:      1     4     0     2     1     2     2     2     1     2
   291:      4     3     2     5     3     1     1     3     4     1
   301:      0     1     4     1     1     0     1     0     2     0
   311:      2     1     2     2     2     0     1     0     2     3
   321:      1     3     0     2     1     0     1     3     4     2
   331:      1     0     1     0     3     0     2     2     0     1
   341:      2     1     1     4     3     0     2     0     3     0
   351:      1     4     3     1     1     3     4     1     2     0
   361:      3     2     0     2     2     3     4     3     1     1
   371:      1     1     3     3     2     2     5     4     2     3
   381:      4     1     1     0     1     2     1     0     4     2
   391:      4     2     2     1     2     1     1     1     1     2
   401:      2     3     2     1     3     4     2     1     2     1
   411:      4     3     1     4     1     2     3     1     4     2
   421:      3     2     2     1     5     1     7     0     2     0
   431:      4     3     3     2     4     6     2     2     1     4
   441:      2     1     5     5     5     2     3     3     4     1
   451:      3     7     2     1     2     2     1     3     4     0
   461:      1     4     5     1     3     2     1     2     1     0
   471:      1     2     5     2     3     1     1     2     3     0
   481:      2     0     0     4     3     2     1     0     1     2
   491:      3     2     2     1     0     1     1     0     1     2
   501:      0     1     1     0     1     1     2     0     1     1
   511:      0     0     0     1     0     0     0     0     0     0
   521:      0     0     0     0     0     2     0     0     0     0
   531:      0     0     0     0     0     0     0     0     0     0
   541:      0     0     0     0     0     0     0     0     0     0
   551:      0     0     0     0     0     0     0     0     0     0
   561:      0     0     0     0     0     1     0     0     0     0
   571:      0     0     0     0     0     0     0     0     0     0
   581:      0     0     1     0     0     0     0     0     0     1
   591:      0     0     0     0     0     0     0     0     0     0
   601:      0     0     0     0     0     0     0     0     0     0
   611:      0     0     0     0     0     0     1     0


        Matrix:   3004x3004

    Avg_degree:   150.225=451276/3004   Rate 0.050 =   150.225/3004


       Avg_dist:    2.088  => min: 1   max: 5

       Avg_dups:     8.921

         Robust:    0.829

      Power-law:    2.272

     Exp_degree:   17.181

    Degree_stat:    Min_+_degree 1   Max_degree 50   Center 10 x6



         Matrix:   205x205

     Avg_degree:    22.985=4712/205   Rate 0.112 =    22.985/205

       Avg_dist:    2.201  => min: 1   max: 5

       Avg_dups:    11.716

         Robust:    0.798

      Power-law:    0.934

     Exp_degree:   22.985

    Degree_stat:    Min_+_degree 1   Max_degree 77   Center 4 x9



         Matrix:   305x305

     Avg_degree:    26.059=7948/305   Rate 0.085 =    26.059/305

       Avg_dist:    2.264  => min: 1   max: 5

       Avg_dups:    13.199

         Robust:    0.762

      Power-law:    3.779

     Exp_degree:   26.059

    Degree_stat:    Min_+_degree 1   Max_degree 99   Center 21 x15



         Matrix:   405x405

     Avg_degree:    26.820=10862/405   Rate 0.066 =    26.820/405

       Avg_dist:    2.335  => min: 1   max: 5

       Avg_dups:    13.541

         Robust:    0.616

      Power-law:    1.565

     Exp_degree:   26.820

    Degree_stat:    Min_+_degree 1   Max_degree 119   Center 9 x17



         Matrix:   505x505

     Avg_degree:    27.568=13922/505   Rate 0.055 =    27.568/505

       Avg_dist:    2.358  => min: 1   max: 5

       Avg_dups:    13.892

         Robust:    0.587

      Power-law:    1.675

     Exp_degree:   27.568

    Degree_stat:    Min_+_degree 1   Max_degree 144   Center 10 x23



         Matrix:   605x605

     Avg_degree:    28.711=17370/605   Rate 0.047 =    28.711/605

       Avg_dist:    2.377  => min: 1   max: 5

       Avg_dups:    14.449

         Robust:    0.536

      Power-law:    2.686

     Exp_degree:   28.711

    Degree_stat:    Min_+_degree 1   Max_degree 160   Center 11 x26



         Matrix:   705x705

     Avg_degree:    30.278=21346/705   Rate 0.043 =    30.278/705

       Avg_dist:    2.374  => min: 1   max: 5

       Avg_dups:    15.224

         Robust:    0.521

      Power-law:    2.413

     Exp_degree:   30.278

    Degree_stat:    Min_+_degree 1   Max_degree 180   Center 12 x36



         Matrix:   805x805

     Avg_degree:    30.974=24934/805   Rate 0.038 =    30.974/805

       Avg_dist:    2.443  => min: 1   max: 8

       Avg_dups:    15.563

         Robust:    0.469

      Power-law:    2.242

     Exp_degree:   30.974

    Degree_stat:    Min_+_degree 1   Max_degree 190   Center 13 x32



         Matrix:   905x905

     Avg_degree:    32.212=29152/905   Rate 0.036 =    32.212/905

       Avg_dist:    2.474  => min: 1   max: 8

       Avg_dups:    16.176

         Robust:    0.434

      Power-law:    2.204

     Exp_degree:   32.212

    Degree_stat:    Min_+_degree 1   Max_degree 211   Center 11 x32



         Matrix:   1005x1005

     Avg_degree:    33.035=33200/1005   Rate 0.033 =    33.035/1005

       Avg_dist:    2.482  => min: 0   max: 8

       Avg_dups:    16.582

         Robust:    0.420

      Power-law:    2.005

     Exp_degree:   33.101

    Degree_stat:    Min_+_degree 1   Max_degree 228   Center 8 x41



         Matrix:   2005x2005

     Avg_degree:   148.899=298542/2005   Rate 0.074 =   148.899/2005

       Avg_dist:    2.529  => min: 0   max: 8

       Avg_dups:    74.598

         Robust:    0.407

      Power-law:    1.642

     Exp_degree:  149.047

    Degree_stat:    Min_+_degree 1   Max_degree 617   Center 8 x43



         Matrix:   3004x3004

     Avg_degree:   175.578=527436/3004   Rate 0.058 =   175.578/3004

       Avg_dist:    2.538  => min: 0   max: 8

       Avg_dups:    87.906

         Robust:    0.391

      Power-law:    2.146

     Exp_degree:  175.812

    Degree_stat:    Min_+_degree 1   Max_degree 808   Center 21 x46

     0:      4
     1:     10    16    15    25    33    30    30    44    40    33
    11:     40    28    41    33    37    34    39    35    34    21
    21:     46    30    23    20    38    29    23    15    23    25
    31:     20    24    17    18    14    16    22    19    17    18
    41:     11     8    20    12    19    17    10    16    10    12
    51:     14     6     9     9     5    14     7    15     5    14
    61:      7     9    10     4     6     9     9     5    13     5
    71:      7    12     5     8     7     4     2     3     6     6
    81:      6    11    10     7     6    14     4     5     4     4
    91:      6     3     3     7     5     7     3     2     9     2
   101:      2     4     3     5     4     2     7     4     3     9
   111:      3     7     5     4     4     5     4     9     2     5
   121:      2     4     2     2     1     5     3     2     3     1
   131:      4     5     2     5     3     2     4     2     1     4
   141:      7     6     8     5     2     8     3     4     3     9
   151:      7     7     6     3     6     2     7     3     6     1
   161:      5     1     6     7     4     7    10     4     3     5
   171:      2     1     7     3     3     1     1     3     2     3
   181:      0     2     7     1     2     2     8     1     3     3
   191:      3     7     5     5     0     1     7     4     5     6
   201:      8     6     6     9     6     5     5     5     4     2
   211:      4     1     2     1     4     1     5     4     7     4
   221:      6     3     3     2     4     2     7     3     4     4
   231:      5     4     5     4     1     8     5     3     4     6
   241:      4     3     6     4     8     2     4     5     4     1
   251:      2     3     6     3     3     3     3     3     1     1
   261:      3     0     3     2     2     0     6     1     1     3
   271:      1     1     1     2     3     1     3     2     1     2
   281:      2     2     2     1     3     3     4     1     2     1
   291:      2     1     3     4     1     1     2     1     6     2
   301:      2     7     1     0     2     1     3     2     3     5
   311:      2     1     3     2     4     5     1     0     6     4
   321:      1     2     1     0     1     3     1     2     4     2
   331:      3     2     1     2     1     2     2     2     4     3
   341:      2     5     6     7     2     2     3     1     4     3
   351:      3     6     1     3     0     1     4     2     2     4
   361:      3     2     2     2     1     2     6     5     5     4
   371:      3     2     2     3     5     6     4     4     0     2
   381:      0     3     1     1     1     4     2     2     3     3
   391:      2     1     2     2     4     2     2     1     3     2
   401:      2     0     2     4     2     2     2     2     2     0
   411:      3     0     2     3     3     3     1     4     0     1
   421:      1     1     2     2     1     0     1     2     1     1
   431:      0     0     1     1     3     0     4     1     1     5
   441:      4     2     1     3     0     1     0     2     4     0
   451:      3     3     2     1     1     0     1     1     0     0
   461:      1     2     2     0     0     2     1     3     1     1
   471:      0     2     1     2     2     3     1     1     2     1
   481:      1     2     0     0     2     2     1     2     3     0
   491:      0     2     2     0     0     3     0     3     2     2
   501:      0     2     2     1     1     0     2     0     4     2
   511:      1     3     4     4     1     2     2     3     1     1
   521:      3     2     1     3     1     1     2     2     0     3
   531:      0     1     1     0     2     2     0     3     1     2
   541:      1     0     0     2     0     0     2     1     4     1
   551:      2     4     0     5     1     0     2     2     2     3
   561:      3     0     1     2     1     2     2     1     4     2
   571:      2     0     3     3     4     1     1     0     5     2
   581:      1     4     5     1     1     4     3     2     1     5
   591:      1     2     1     1     4     1     0     2     3     1
   601:      3     3     2     2     0     3     1     2     3     3
   611:      1     4     0     0     3     1     2     7     1     2
   621:      1     1     3     0     1     2     2     3     1     3
   631:      1     2     0     0     5     1     4     1     0     0
   641:      2     1     0     0     1     1     1     2     1     1
   651:      0     2     4     1     0     0     0     3     0     1
   661:      0     2     1     0     0     2     2     1     0     2
   671:      0     0     0     2     0     1     1     2     1     0
   681:      0     1     2     1     1     0     0     1     0     0
   691:      0     0     0     0     0     0     0     1     0     0
   701:      0     0     0     0     0     0     0     0     0     0
   711:      1     0     0     1     0     0     0     0     0     0
   721:      0     0     0     0     0     0     0     0     0     0
   731:      0     0     0     0     0     0     0     0     0     0
   741:      0     0     0     0     0     0     0     0     0     0
   751:      0     0     0     0     0     0     0     0     0     0
   761:      0     0     0     0     0     0     0     0     0     0
   771:      0     0     0     1     1     0     0     0     0     0
   781:      0     0     1     0     0     0     0     0     0     0
   791:      0     0     0     0     0     0     0     0     0     0
   801:      0     0     0     0     0     0     0     1     0